186.25098805 257.30988915
189.8642101 281.25767636
192.85255771 300.49850508
196.07452284 320.66058274
200.98993318 337.35378209
210.81403941 353.7268736
224.91845835 367.10325308
240.50552001 377.74879444
258.24314032 383.2522347
276.27685524 377.75521266
290.96766474 368.27256921
304.74470366 354.9193427
313.59451865 339.56525342
317.79989747 322.8063423
320.7178663 302.13137409
322.971282 283.57279344
325.7037897 259.3363665
203.77027986 238.33586902
211.45426702 235.25952128
221.45890457 234.21008984
230.77315257 235.70655955
240.35823335 239.48729922
272.8256164 239.56062054
282.18056205 236.16330642
292.28660935 235.17537608
301.07654917 236.10580557
308.73724504 239.77870547
256.27823684 252.61161038
256.36881339 268.13944334
256.52759402 281.99886043
256.89271209 297.63766138
238.6502031 305.11653179
246.57231574 311.09969423
257.11463717 313.438093 
267.47940024 311.80631193
275.30790736 304.85666237
214.31693606 256.26682779
220.09586361 252.33971978
230.19340935 253.0862406
236.827267 258.60074837
229.90235092 261.16713238
219.76931877 261.15652641
275.87424747 259.20857748
283.06897339 253.8951821
292.7422583 253.80974053
298.34339993 257.91433675
293.34357662 262.52359438
283.23704564 262.35721341
232.29975245 336.67900126
236.92349356 330.80605523
244.4326484 327.82723545
257.34763067 327.69376453
270.12473884 328.00234448
278.02580805 331.21486149
283.13014292 337.21458039
277.39409468 344.7339056
268.66395924 351.15008069
257.96150035 352.91270499
246.62179682 350.40386814
238.18353176 344.16523681
234.25935966 336.66768317
244.74886816 333.64419329
257.65180352 334.13800859
270.47352628 333.99624276
281.05376456 337.04231158
268.47833985 343.17422276
257.87145585 344.85267404
246.66712732 342.78835671
224.79681122 254.57943297
287.72465605 255.86750915